3
4
9
12
20
24
31
35
58
67
70
83
85
88
99
129
132
137
139
139
168
189
201
205
216
245
253
259
269
304
333
362
369
377
378
391
397
398
403
403
429
437
440
444
468
471
485
488
527
528
553
563
568
573
579
581
598
603
606
606
608
617
630
650
684
691
692
693
695
709
731
759
763
767
768
768
773
773
778
788
839
845
850
868
935
943
952
979
1008
1041
1052
1124
1131
1135
1154
1162
1221
1227
1244
1257
1265
1268
1271
1278
1281
1348
1364
1364
1366
1382
1390
1408
1445
1448
1458
1472
1479
1494
1503
1516
1523
1527
1528
1534
1538
1552
1565
1575
1610
1620
1654
1661
1670
1692
1699
1699
1701
1721
1725
1730
1731
1737
1741
1770
1776
1792
1799
1807
1810
1813
1814
1818
1818
1828
1848
1849
1881
1890
1903
1905
1912
1920
1927
1932
1935
1951
1967
1970
1991
1991
1997
2021
2039
2043
2061
2073
2093
2094
2125
2125
2137
2140
2150
2178
2192
2211
2224
2242
2269
2280
2282
2295
2322
2344
2410
2425
2426
2429
2432
2444
2452
2461
2486
2489
2497
2508
2510
2516
2530
2534
2538
2545
2549
2565
2574
2622
2649
2650
2651
2658
2662
2670
2695
2700
2702
2718
2732
2732
2751
2782
2786
2792
2794
2796
2815
2815
2819
2823
2829
2829
2845
2851
2858
2883
2900
2910
2914
2923
2964
2980
2990
3005
3022
3055
3061
3063
3068
3078
3080
3080
3083
3084
3110
3114
3123
3128
3148
3161
3171
3179
3187
3192
3196
3198
3200
3212
3215
3217
3217
3220
3223
3227
3232
3240
3244
3256
3281
3281
3282
3292
3323
3336
3338
3339
3340
3348
3362
3370
3379
3388
3425
3429
3445
3454
3495
3505
3525
3547
3558
3569
3573
3586
3592
3596
3637
3637
3640
3650
3651
3666
3670
3671
3671
3695
3737
3742
3777
3780
3799
3815
3815
3830
3834
3845
3849
3856
3885
3902
3914
3919
3925
3930
3936
3946
3954
3968
3969
4009
4010
4020
4075
4088
4099
4141
4167
4172
4179
4189
4193
4202
4205
4208
4218
4248
4253
4255
4265
4278
4287
4299
4301
4305
4333
4346
4361
4362
4371
4404
4410
4416
4458
4468
4485
4486
4496
4514
4515
4521
4524
4546
4546
4549
4562
4580
4591
4599
4604
4605
4617
4638
4638
4667
4690
4711
4718
4721
4733
4738
4749
4750
4757
4770
4809
4821
4827
4836
4867
4868
4898
4928
4941
4948
4951
4953
4961
4966
4969
4970
4985
4985
4999
5015
5022
5030
5033
5041
5044
5058
5081
5084
5089
5105
5136
5152
5158
5161
5175
5202
5230
5233
5234
5241
5251
5253
5281
5284
5289
5293
5300
5312
5319
5344
5352
5371
5384
5388
5389
5398
5398
5408
5417
5418
5423
5433
5446
5450
5456
5472
5485
5491
5494
5517
5519
5520
5525
5532
5536
5537
5540
5555
5558
5560
5584
5603
5606
5635
5646
5668
5675
5694
5712
5714
5722
5728
5732
5754
5758
5760
5765
5771
5775
5778
5783
5783
5793
5794
5797
5821
5842
5844
5845
5848
5850
5854
5857
5859
5872
5874
5876
5881
5920
5937
5939
5943
5945
5970
5984
5987
5994
6003
6006
6008
6025
6048
6070
6089
6100
6102
6118
6122
6125
6129
6141
6146
6149
6157
6167
6170
6190
6204
6204
6209
6209
6219
6241
6266
6272
6305
6332
6336
6340
6341
6345
6358
6366
6382
6421
6422
6424
6426
6427
6430
6430
6431
6446
6460
6490
6491
6500
6502
6502
6513
6533
6549
6557
6561
6572
6575
6582
6586
6586
6586
6602
6611
6612
6615
6621
6631
6635
6651
6667
6667
6676
6688
6723
6731
6762
6763
6766
6767
6823
6826
6831
6833
6834
6846
6849
6851
6860
6860
6872
6875
6881
6885
6890
6896
6915
6923
6925
6928
6932
6955
6964
7004
7007
7016
7030
7043
7043
7048
7054
7055
7099
7121
7131
7148
7158
7161
7178
7178
7193
7221
7234
7237
7239
7271
7300
7301
7372
7389
7406
7406
7435
7438
7446
7448
7468
7473
7475
7481
7483
7492
7507
7528
7534
7544
7549
7580
7582
7604
7629
7639
7646
7658
7665
7668
7682
7688
7701
7718
7719
7727
7728
7730
7737
7738
7761
7768
7774
7804
7811
7849
7857
7863
7886
7898
7901
7953
7966
7970
7981
8010
8029
8034
8045
8046
8060
8079
8080
8090
8100
8120
8124
8125
8125
8148
8159
8168
8171
8188
8194
8202
8243
8246
8256
8266
8283
8324
8324
8324
8327
8339
8351
8352
8361
8378
8383
8383
8396
8411
8414
8431
8437
8477
8490
8491
8496
8503
8507
8514
8514
8526
8529
8545
8552
8553
8591
8595
8631
8644
8658
8695
8700
8703
8709
8716
8720
8722
8732
8738
8741
8752
8756
8764
8768
8785
8803
8804
8828
8831
8835
8835
8852
8853
8884
8885
8901
8907
8919
8930
8930
8937
8941
8962
8987
8991
9006
9009
9050
9053
9076
9077
9081
9086
9118
9125
9129
9133
9159
9180
9197
9204
9228
9251
9265
9282
9298
9299
9301
9321
9324
9328
9354
9370
9389
9401
9407
9421
9429
9449
9451
9466
9499
9524
9527
9531
9535
9546
9555
9566
9583
9594
9601
9624
9662
9693
9695
9695
9699
9730
9754
9766
9770
9774
9782
9783
9790
9803
9814
9827
9843
9847
9847
9850
9858
9858
9868
9868
9923
9941
9951
9958
9964
9983
10000
10016
10030
10032
10039
10048
10075
10089
10103
10106
10139
10141
10143
10155
10165
10167
10171
10184
10184
10198
10202
10204
10224
10234
10282
10287
10287
10309
10309
10319
10342
10344
10350
10377
10396
10411
10419
10430
10466
10468
10482
10485
10489
10504
10518
10539
10540
10574
10597
10597
10600
10606
10630
10640
10642
10652
10666
10678
10680
10688
10713
10724
10733
10745
10746
10765
10773
10794
10797
10798
10805
10806
10807
10823
10824
10832
10842
10843
10849
10867
10869
10882
10883
10904
10906
10915
10923
10955
10970
10974
10991
11001
11007
11011
11014
11044
11051
11073
11091
11096
11110
11127
11128
11149
11156
11176
11183
11221
11221
11223
11237
11261
11271
11299
11300
11319
11324
11367
11383
11410
11427
11431
11435
11452
11453
11455
11471
11472
11473
11483
11486
11493
11502
11508
11521
11554
11558
11560
11560
11568
11569
11570
11574
11576
11592
11597
11620
11630
11638
11650
11652
11670
11681
11736
11755
11763
11781
11787
11788
11812
11825
11830
11845
11859
11860
11872
11874
11875
11888
11888
11896
11906
11918
11957
11957
11960
11977
11983
11986
11989
12003
12018
12019
12027
12048
12066
12081
12082
12082
12100
12135
12147
12155
12180
12193
12200
12205
12229
12238
12251
12275
12276
12280
12280
12293
12295
12296
12300
12312
12324
12341
12344
12344
12353
12355
12358
12365
12376
12425
12425
12432
12452
12460
12464
12488
12500
12517
12531
12537
12537
12541
12546
12547
12567
12572
12618
12629
12634
12644
12670
12675
12693
12695
12698
12704
12706
12709
12714
12722
12725
12729
12733
12735
12746
12782
12800
12809
12817
12837
12840
12864
12878
12882
12888
12889
12891
12907
12920
12930
12978
13004
13009
13037
13076
13124
13132
13137
13139
13142
13143
13145
13145
13156
13163
13175
13178
13192
13196
13207
13209
13226
13232
13239
13245
13245
13245
13250
13253
13257
13261
13269
13285
13290
13296
13303
13310
13316
13335
13341
13345
13361
13362
13367
13384
13403
13419
13441
13452
13454
13467
13472
13485
13500
13502
13518
13531
13549
13584
13592
13604
13612
13613
13623
13629
13632
13635
13659
13675
13682
13697
13716
13739
13746
13749
13759
13763
13776
13784
13818
13870
13888
13910
13912
13929
13940
13950
13959
13963
13991
13997
14000
14015
14022
14023
14024
14026
14035
14047
14058
14062
14063
14066
14077
14078
14080
14081
14086
14141
14144
14153
14164
14185
14196
14241
14246
14255
14274
14329
14331
14334
14341
14345
14360
14363
14377
14386
14399
14409
14413
14419
14437
14439
14442
14449
14458
14463
14471
14508
14520
14523
14526
14535
14536
14537
14545
14557
14560
14568
14581
14611
14613
14615
14638
14640
14642
14643
14648
14659
14662
14670
14694
14702
14709
14722
14726
14726
14730
14737
14754
14771
14780
14812
14815
14819
14820
14820
14824
14838
14883
14889
14932
14935
14938
14943
14948
14960
14988
14992
14996
15004
15009
15012
15013
15026
15037
15061
15062
15063
15089
15090
15098
15121
15132
15137
15140
15149
15165
15171
15174
15175
15183
15183
15189
15190
15199
15238
15246
15257
15264
15273
15282
15290
15292
15343
15346
15347
15369
15370
15370
15374
15376
15404
15411
15414
15416
15447
15452
15454
15503
15596
15597
15601
15610
15620
15632
15639
15648
15653
15665
15674
15676
15689
15729
15729
15741
15745
15749
15756
15760
15760
15781
15788
15791
15800
15802
15802
15818
15822
15827
15833
15842
15846
15847
15851
15851
15862
15864
15865
15874
15885
15905
15907
15923
15927
15928
15940
15941
15941
15948
15966
15967
16028
16030
16038
16051
16052
16065
16071
16099
16100
16114
16115
16116
16139
16145
16163
16217
16218
16235
16237
16257
16257
16274
16282
16327
16331
16333
16338
16344
16349
16396
16434
16436
16448
16461
16467
16498
16500
16534
16544
16549
16552
16575
16576
16583
16591
16594
16612
16616
16624
16647
16649
16666
16677
16701
16710
16713
16727
16727
16748
16782
16794
16807
16808
16811
16825
16835
16843
16866
16868
16873
16876
16911
16922
16923
16933
16937
16952
16966
16972
16977
16990
16999
17011
17015
17054
17056
17065
17076
17103
17125
17135
17135
17148
17177
17187
17205
17206
17213
17222
17227
17233
17244
17245
17262
17264
17267
17269
17322
17327
17349
17362
17366
17368
17399
17405
17427
17430
17436
17438
17438
17438
17457
17457
17464
17519
17519
17520
17525
17525
17541
17547
17552
17554
17557
17569
17583
17585
17586
17590
17598
17624
17633
17644
17653
17683
17699
17718
17720
17723
17728
17730
17731
17752
17757
17777
17830
17855
17859
17882
17888
17895
17898
17901
17901
17906
17911
17923
17933
17945
17945
17950
17953
17973
17974
17975
18061
18064
18064
18074
18102
18121
18147
18170
18182
18190
18213
18227
18230
18250
18255
18268
18275
18294
18296
18341
18352
18361
18367
18370
18386
18389
18418
18440
18442
18444
18461
18477
18494
18497
18519
18525
18534
18551
18554
18561
18563
18584
18593
18604
18616
18618
18621
18625
18629
18655
18664
18666
18677
18715
18720
18724
18760
18762
18775
18795
18805
18815
18827
18833
18838
18849
18884
18895
18899
18938
18944
18981
19026
19035
19039
19039
19056
19072
19074
19080
19097
19124
19131
19140
19140
19141
19149
19154
19175
19184
19205
19206
19212
19215
19217
19221
19232
19251
19254
19280
19290
19297
19323
19337
19351
19373
19412
19413
19424
19445
19448
19451
19455
19459
19466
19467
19481
19490
19491
19511
19512
19537
19551
19552
19570
19582
19587
19601
19606
19606
19618
19634
19635
19654
19659
19659
19662
19670
19670
19679
19679
19682
19683
19688
19695
19696
19714
19718
19724
19728
19736
19748
19764
19769
19773
19782
19785
19801
19814
19821
19898
19923
19947
19951
19952
19958
19969
19973
19979
19981
19984
19984
19989
20003
20012
20016
20031
20043
20050
20050
20066
20067
20084
20093
20101
20106
20113
20132
20170
20183
20199
20216
20228
20236
20238
20267
20268
20284
20297
20311
20320
20323
20333
20335
20342
20366
20373
20381
20391
20392
20394
20416
20420
20421
20432
20433
20448
20449
20463
20474
20476
20488
20509
20523
20526
20531
20537
20547
20552
20561
20570
20576
20577
20583
20620
20641
20643
20648
20666
20700
20727
20727
20731
20735
20760
20770
20781
20784
20799
20799
20800
20801
20803
20805
20834
20838
20840
20842
20893
20900
20903
20912
20920
20939
20943
20944
20955
20987
20989
21002
21025
21026
21027
21028
21033
21033
21047
21052
21054
21070
21072
21080
21082
21082
21098
21109
21111
21113
21119
21129
21135
21156
21157
21164
21168
21174
21197
21228
21228
21229
21234
21238
21256
21260
21263
21267
21271
21293
21298
21301
21313
21341
21345
21350
21351
21358
21374
21382
21389
21416
21419
21424
21433
21433
21439
21448
21462
21465
21474
21479
21479
21486
21493
21511
21517
21518
21531
21535
21564
21567
21576
21580
21590
21599
21614
21622
21632
21649
21653
21658
21671
21685
21706
21713
21717
21726
21727
21735
21753
21762
21788
21793
21797
21805
21823
21841
21845
21846
21858
21871
21875
21880
21881
21884
21885
21894
21906
21930
21960
21980
21984
21987
22002
22024
22050
22052
22070
22090
22105
22133
22133
22151
22159
22166
22167
22167
22178
22195
22195
22211
22216
22229
22233
22237
22249
22270
22278
22290
22298
22301
22316
22322
22334
22336
22338
22345
22353
22371
22411
22414
22424
22425
22426
22443
22443
22444
22488
22490
22492
22509
22539
22550
22567
22574
22590
22593
22599
22602
22604
22620
22622
22638
22642
22662
22710
22715
22716
22729
22749
22762
22794
22815
22823
22828
22832
22837
22839
22851
22893
22910
22917
22957
22990
23061
23071
23076
23082
23085
23117
23155
23162
23192
23201
23207
23209
23210
23212
23213
23239
23248
23251
23262
23263
23277
23279
23289
23290
23290
23298
23322
23326
23340
23355
23365
23370
23377
23387
23399
23409
23412
23458
23486
23488
23511
23533
23535
23566
23586
23592
23592
23624
23635
23673
23705
23713
23724
23725
23742
23753
23754
23757
23773
23774
23791
23821
23826
23833
23848
23865
23873
23876
23922
23930
23931
23934
23947
23954
23961
23966
23987
23990
23993
24013
24014
24019
24023
24023
24037
24041
24056
24061
24072
24082
24083
24083
24090
24105
24124
24149
24161
24171
24191
24192
24195
24214
24232
24234
24243
24247
24258
24287
24290
24336
24351
24370
24382
24387
24387
24393
24399
24401
24403
24404
24405
24407
24417
24420
24435
24439
24477
24485
24487
24499
24521
24537
24540
24565
24572
24597
24612
24620
24638
24652
24688
24696
24701
24705
24727
24729
24736
24740
24796
24800
24828
24837
24837
24847
24848
24853
24919
24955
24956
24968
24972
24978
24981
24986
24987
24988
24988
24992
24999
25005
25032
25042
25061
25065
25078
25094
25111
25128
25135
25162
25167
25188
25191
25199
25219
25233
25254
25269
25283
25286
25290
25304
25306
25311
25315
25316
25316
25318
25321
25331
25342
25343
25352
25358
25358
25369
25387
25391
25412
25412
25419
25422
25434
25455
25465
25516
25529
25530
25532
25547
25560
25561
25565
25566
25573
25575
25589
25589
25594
25599
25606
25610
25615
25636
25645
25656
25673
25674
25679
25690
25705
25709
25726
25750
25756
25760
25774
25785
25791
25807
25812
25812
25816
25828
25836
25836
25851
25896
25924
25936
25956
25970
25974
26009
26017
26020
26023
26031
26032
26053
26059
26099
26099
26103
26107
26112
26114
26119
26126
26141
26141
26162
26176
26194
26197
26199
26201
26222
26226
26231
26250
26271
26320
26343
26346
26350
26359
26392
26393
26394
26395
26419
26425
26429
26429
26439
26459
26468
26489
26509
26525
26542
26549
26565
26573
26587
26605
26623
26634
26645
26658
26664
26673
26700
26721
26742
26754
26758
26781
26781
26784
26806
26824
26830
26841
26843
26862
26866
26872
26874
26896
26897
26914
26921
26927
26958
26980
26982
26984
26994
26999
27006
27027
27037
27045
27048
27064
27073
27077
27079
27085
27085
27098
27109
27110
27116
27119
27149
27151
27161
27165
27195
27212
27222
27225
27254
27261
27263
27272
27277
27285
27294
27302
27318
27321
27366
27371
27376
27395
27396
27401
27422
27427
27443
27444
27445
27446
27450
27451
27479
27500
27502
27512
27518
27523
27532
27536
27541
27550
27559
27560
27578
27596
27609
27610
27617
27625
27632
27649
27656
27660
27666
27667
27684
27711
27719
27740
27743
27745
27769
27770
27782
27791
27795
27799
27818
27824
27825
27843
27876
27879
27901
27944
27953
27964
27972
27982
27996
28015
28021
28044
28048
28050
28051
28052
28054
28066
28084
28091
28099
28103
28134
28137
28166
28197
28208
28213
28221
28221
28223
28224
28235
28237
28251
28262
28264
28264
28275
28286
28297
28301
28304
28343
28348
28350
28364
28391
28392
28393
28432
28441
28463
28465
28527
28532
28536
28537
28541
28577
28592
28592
28599
28599
28603
28603
28608
28611
28621
28622
28627
28638
28639
28646
28649
28655
28664
28672
28703
28710
28717
28717
28731
28735
28745
28752
28761
28791
28793
28798
28815
28818
28819
28825
28827
28841
28849
28900
28901
28908
28945
28947
28965
28965
28969
28983
29018
29029
29045
29052
29053
29059
29071
29073
29081
29115
29132
29145
29193
29204
29221
29229
29235
29235
29240
29247
29260
29276
29284
29285
29299
29309
29313
29343
29348
29355
29368
29384
29397
29414
29429
29482
29483
29494
29511
29521
29542
29551
29556
29556
29557
29569
29616
29647
29648
29655
29666
29668
29674
29676
29686
29688
29696
29700
29703
29710
29714
29719
29726
29728
29740
29743
29758
29767
29788
29831
29831
29846
29854
29863
29877
29905
29907
29915
29926
29938
29981
30000
30012
30014
30020
30028
30041
30057
30059
30076
30079
30080
30080
30098
30101
30101
30102
30103
30106
30118
30118
30120
30121
30127
30129
30132
30144
30149
30160
30168
30168
30174
30180
30185
30195
30209
30219
30231
30241
30242
30265
30268
30270
30270
30283
30285
30301
30309
30318
30320
30337
30339
30369
30382
30383
30388
30389
30393
30432
30432
30439
30444
30472
30479
30487
30497
30498
30503
30509
30518
30522
30525
30528
30542
30554
30556
30562
30565
30571
30573
30580
30582
30583
30589
30633
30672
30682
30703
30708
30713
30736
30744
30759
30794
30825
30837
30845
30856
30867
30870
30873
30883
30884
30884
30916
30921
30929
30935
30943
30951
30954
30959
30960
30973
30997
30999
31008
31022
31032
31041
31065
31077
31089
31098
31099
31103
31121
31139
31142
31148
31155
31173
31184
31197
31210
31215
31219
31230
31238
31248
31258
31262
31274
31321
31349
31365
31371
31395
31417
31443
31480
31499
31504
31520
31539
31543
31544
31565
31584
31587
31593
31598
31599
31620
31623
31629
31633
31655
31657
31665
31668
31684
31688
31699
31719
31720
31724
31736
31744
31748
31782
31788
31794
31796
31825
31826
31833
31843
31844
31851
31870
31884
31907
31911
31930
31958
31987
32014
32046
32048
32048
32050
32057
32058
32071
32080
32100
32113
32122
32128
32133
32134
32138
32145
32151
32152
32169
32171
32174
32174
32177
32182
32189
32212
32224
32235
32252
32252
32268
32270
32271
32295
32297
32302
32313
32315
32327
32350
32353
32358
32361
32364
32407
32425
32476
32485
32487
32490
32505
32510
32514
32514
32524
32528
32530
32537
32544
32581
32589
32592
32599
32606
32606
32629
32647
32655
32659
32661
32662
32666
32670
32677
32684
32692
32692
32705
32707
32735
32737
32759
32759
28102
